100 0 0 00274C
100 0 15 FFCB05
100 0 1 00274C
100 0 16 FFCB05
100 0 2 00274C
100 0 17 FFCB05
100 0 3 00274C
100 0 18 FFCB05
100 0 4 00274C
100 0 19 FFCB05
100 0 5 00274C
100 0 20 FFCB05
100 0 6 00274C
100 0 21 FFCB05
100 0 7 00274C
100 0 22 FFCB05
100 0 8 00274C
100 0 23 FFCB05
100 0 9 00274C
100 0 24 FFCB05
100 0 10 00274C
100 0 25 FFCB05
100 0 11 00274C
100 0 26 FFCB05
100 0 12 00274C
100 0 27 FFCB05
100 0 13 00274C
100 0 28 FFCB05
100 0 14 00274C
100 0 29 FFCB05
100 0 15 00274C
100 0 0 FFCB05
100 0 16 00274C
100 0 1 FFCB05
100 0 17 00274C
100 0 2 FFCB05
100 0 18 00274C
100 0 3 FFCB05
100 0 19 00274C
100 0 4 FFCB05
100 0 20 00274C
100 0 5 FFCB05
100 0 21 00274C
100 0 6 FFCB05
100 0 22 00274C
100 0 7 FFCB05
100 0 23 00274C
100 0 8 FFCB05
100 0 24 00274C
100 0 9 FFCB05
100 0 25 00274C
100 0 10 FFCB05
100 0 26 00274C
100 0 11 FFCB05
100 0 27 00274C
100 0 12 FFCB05
100 0 28 00274C
100 0 13 FFCB05
100 0 29 00274C
100 0 14 FFCB05
100 0 0 00274C
100 0 15 FFCB05
100 0 1 00274C
100 0 16 FFCB05
100 0 2 00274C
100 0 17 FFCB05
100 0 3 00274C
100 0 18 FFCB05
100 0 4 00274C
100 0 19 FFCB05
100 0 5 00274C
100 0 20 FFCB05
100 0 6 00274C
100 0 21 FFCB05
100 0 7 00274C
100 0 22 FFCB05
100 0 8 00274C
100 0 23 FFCB05
100 0 9 00274C
100 0 24 FFCB05
100 0 10 00274C
100 0 25 FFCB05
100 0 11 00274C
100 0 26 FFCB05
100 0 12 00274C
100 0 27 FFCB05
100 0 13 00274C
100 0 28 FFCB05
100 0 14 00274C
100 0 29 FFCB05
100 0 15 00274C
100 0 0 FFCB05
100 0 16 00274C
100 0 1 FFCB05
100 0 17 00274C
100 0 2 FFCB05
100 0 18 00274C
100 0 3 FFCB05
100 0 19 00274C
100 0 4 FFCB05
100 0 20 00274C
100 0 5 FFCB05
100 0 21 00274C
100 0 6 FFCB05
100 0 22 00274C
100 0 7 FFCB05
100 0 23 00274C
100 0 8 FFCB05
100 0 24 00274C
100 0 9 FFCB05
100 0 25 00274C
100 0 10 FFCB05
100 0 26 00274C
100 0 11 FFCB05
100 0 27 00274C
100 0 12 FFCB05
100 0 28 00274C
100 0 13 FFCB05
100 0 29 00274C
100 0 14 FFCB05
100 0 0 00274C
100 0 15 FFCB05
100 0 1 00274C
100 0 16 FFCB05
100 0 2 00274C
100 0 17 FFCB05
100 0 3 00274C
100 0 18 FFCB05
100 0 4 00274C
100 0 19 FFCB05
100 0 5 00274C
100 0 20 FFCB05
100 0 6 00274C
100 0 21 FFCB05
100 0 7 00274C
100 0 22 FFCB05
100 0 8 00274C
100 0 23 FFCB05
100 0 9 00274C
100 0 24 FFCB05
100 0 10 00274C
100 0 25 FFCB05
100 0 11 00274C
100 0 26 FFCB05
100 0 12 00274C
100 0 27 FFCB05
100 0 13 00274C
100 0 28 FFCB05
100 0 14 00274C
100 0 29 FFCB05
100 0 15 00274C
100 0 0 FFCB05
100 0 16 00274C
100 0 1 FFCB05
100 0 17 00274C
100 0 2 FFCB05
100 0 18 00274C
100 0 3 FFCB05
100 0 19 00274C
100 0 4 FFCB05
100 0 20 00274C
100 0 5 FFCB05
100 0 21 00274C
100 0 6 FFCB05
100 0 22 00274C
100 0 7 FFCB05
100 0 23 00274C
100 0 8 FFCB05
100 0 24 00274C
100 0 9 FFCB05
100 0 25 00274C
100 0 10 FFCB05
100 0 26 00274C
100 0 11 FFCB05
100 0 27 00274C
100 0 12 FFCB05
100 0 28 00274C
100 0 13 FFCB05
100 0 29 00274C
100 0 14 FFCB05
100 0 0 00274C
100 0 15 FFCB05
100 0 1 00274C
100 0 16 FFCB05
100 0 2 00274C
100 0 17 FFCB05
100 0 3 00274C
100 0 18 FFCB05
100 0 4 00274C
100 0 19 FFCB05
100 0 5 00274C
100 0 20 FFCB05
100 0 6 00274C
100 0 21 FFCB05
100 0 7 00274C
100 0 22 FFCB05
100 0 8 00274C
100 0 23 FFCB05
100 0 9 00274C
100 0 24 FFCB05
100 0 10 00274C
100 0 25 FFCB05
100 0 11 00274C
100 0 26 FFCB05
100 0 12 00274C
100 0 27 FFCB05
100 0 13 00274C
100 0 28 FFCB05
100 0 14 00274C
100 0 29 FFCB05
100 0 15 00274C
100 0 0 FFCB05
100 0 16 00274C
100 0 1 FFCB05
100 0 17 00274C
100 0 2 FFCB05
100 0 18 00274C
100 0 3 FFCB05
100 0 19 00274C
100 0 4 FFCB05
100 0 20 00274C
100 0 5 FFCB05
100 0 21 00274C
100 0 6 FFCB05
100 0 22 00274C
100 0 7 FFCB05
100 0 23 00274C
100 0 8 FFCB05
100 0 24 00274C
100 0 9 FFCB05
100 0 25 00274C
100 0 10 FFCB05
100 0 26 00274C
100 0 11 FFCB05
100 0 27 00274C
100 0 12 FFCB05
100 0 28 00274C
100 0 13 FFCB05
100 0 29 00274C
100 0 14 FFCB05
100 0 0 00274C
100 0 15 FFCB05
100 0 1 00274C
100 0 16 FFCB05
100 0 2 00274C
100 0 17 FFCB05
